1.0123605323164144	0.0	0.7436663011477131
0.9776246950141722	0.009583048962580418	0.710968418334697
0.9922791777331472	0.018621434809394394	0.17622660225471753
0.9999646476032639	0.028727820463388606	0.17631236950999674
0.9946789120833773	0.03839551724572519	0.6769497678937905
1.0019259616908338	0.04589972105184259	0.44846369852396206
0.9791455031175359	0.05619765594177737	0.11144411696929113
0.9720893058617768	0.06602871857153278	0.7733227328445276
1.0016224262596523	0.07523926352122018	0.5936483324901743
0.9765470425002352	0.08275824780898582	0.9590467079677585
0.9950391279888839	0.09466914200477877	0.38479809929359443
0.9732136073333479	0.10087936430973478	0.22588833797883878
0.9779263249059716	0.10847313042962634	0.6795438083186606
0.9845924070954644	0.12165837277728796	0.06006664570951381
0.9524288001360346	0.12612670811886817	0.16995700332662034
0.9618635910161887	0.14090844788318552	0.960883451098482
0.9599320488249143	0.14325564007966013	0.2433190603531863
0.9670024011150716	0.1521336232601251	0.4149816509782738
0.9781683665322501	0.16472041342174407	0.9323362195210644
0.9458511756589209	0.17283143146079752	0.6962897915594056
0.9495367005028781	0.17892934827610063	0.290499934809093
0.9728669818046728	0.1936317695316886	0.5348589700058602
0.9281429545092394	0.1983242252778031	0.38356121342222305
0.9259257036863282	0.212274868765082	0.7528146917591212
0.9632168312958179	0.21130105092068183	0.4131199651661258
0.9566043759607719	0.2290767712018668	0.2872540337805616
0.9129332319176459	0.22961224752317805	0.5662267911749173
0.9392045014680971	0.24247834605965368	0.021215302584564832
0.9055876460234713	0.2556746821320688	0.8065365665750799
0.9137628458094026	0.2630238883192799	0.06951704885720711
0.9129749693436415	0.2670645877197081	0.5831956322808766
0.8951463640070657	0.28124141379042145	0.9165645825516028
0.9007504396520507	0.28814173794118775	0.42612631892665254
0.8895763386406828	0.2885587952094805	0.07591970549574345
0.8980689463460997	0.30586102240430724	0.7732112142261445
0.8992874235874408	0.3009188768820365	0.976701993258344
0.8831592964774831	0.3234698232369976	0.5854374367996916
0.9124405150253507	0.3225418356566248	0.7363461427936736
0.86485992306696	0.33209337186037535	0.6463899441395183
0.8815151087076964	0.33100835612025564	0.5285966295955508
0.8732568657189417	0.3542132494627137	0.2804363552836172
0.8905544703201111	0.34755587953673367	0.9556596250972765
0.8825061538964759	0.36324624976762065	0.22052293149318392
0.8561043878727627	0.36635409562852095	0.8601901626997194
0.8654348394126499	0.3720136505556605	0.41775480938080434
0.8566433330146259	0.3934255280925834	0.32908204917951045
0.8645398567186718	0.38411678225650125	0.1944466488118145
0.8443027010725249	0.40533274195528557	0.20655007953127513
0.8314929825200159	0.40139970112261153	0.003897876726675409
0.8275401907246823	0.40670909843962527	0.5560732081155613
0.810078927122335	0.43254575250756205	0.17931099293216124
0.8398792023227089	0.4250386611510986	0.3775060618901326
0.8246741317147703	0.4347209871301374	0.5226691779214493
0.7992565291047784	0.437952811532806	0.855758797241193
0.8132309049118716	0.45892756187209544	0.22385678542308352
0.8145613948205861	0.46804245059800054	0.7564972278406726
0.8068722791660969	0.46304324830655313	0.678812806204527
0.795158744596805	0.4634591468434734	0.7687951616970831
0.7964295515571438	0.47749949166009703	0.3208220957639578
0.7689987184288576	0.4884990270765836	0.35283684779027924
0.7874007874949334	0.48566698282552	0.7312836360112847
0.7669540931527115	0.4997111341890744	0.48172227451787597
0.7566100062342929	0.5000534318579991	0.8331393520377136
0.7503710647190168	0.5090419161005819	0.6459718315471392
0.7626181970329279	0.5170057181375923	0.9747843181856323
0.7631033107876212	0.5202024901569401	0.34723273001344945
0.7461775967153965	0.5421403306680066	0.9979948472350298
0.7270312358350148	0.5274419664222236	0.04829231952792323
0.7242807134155321	0.5507977322916656	0.18770528779676887
0.7244471847316762	0.5403036805123219	0.9823626820590438
0.6997659190790992	0.5567495528174172	0.9918603584698995
0.6916402742717822	0.5624005501304424	0.1310653685075398
0.6938133929516733	0.5787642733225876	0.9200505406302842
0.7079132792835816	0.5585269151184289	0.7556819809970236
0.6767234706615451	0.5826296827867044	0.9960576389148406
0.678007402228065	0.5732190906272143	0.2587612982525693
0.692819507113672	0.5862792775720926	0.6915793710705594
0.6813955850730944	0.6091835161271811	0.3796607699181139
0.6748898821223087	0.6124917871190716	0.8396822640435294
0.6647282185065855	0.6059398380318919	0.8013151703112944
0.6516248479080886	0.6046363789916396	0.47931941126377053
0.6545093356236651	0.6317723998060338	0.30360333862918376
0.6350477748826737	0.6196187852244596	0.15626931107119135
0.6269635660338589	0.6369514690877016	0.4967659086441474
0.635546920501518	0.6317268141935981	0.09965310850807463
0.6270464652874171	0.6367869442295837	0.6062318315474998
0.6117571708949892	0.6460707889514149	0.2964609895076158
0.6058617069502102	0.6610258238312969	0.03305547623655958
0.6050011946626564	0.6592333042302178	0.11436872365808137
0.5803167742869825	0.6473203628941931	0.19838234926740594
0.5873989480322593	0.6522483904500616	0.5523264588875827
0.5781527458303007	0.6653211363942187	0.042305397818048984
0.5699386354027758	0.6792726912360175	0.881465639568942
0.5704876196827636	0.6793277265289761	0.9390815216753826
0.5642107093611524	0.6796696945657628	0.6995719056854854
0.5555726163582101	0.6709774376692508	0.43929146522954177
0.544717064495591	0.6783566229469222	0.34260623522162303
0.5359706027609146	0.6872127915358516	0.8801398617247709
0.5209812455074759	0.6993947343083995	0.7299482774769351
0.505981455039433	0.7043183356208114	0.9511112201438531
0.5112357935494231	0.6890538983134059	0.2772888865965659
0.5024992738696575	0.7244421627866923	0.27610111832509043
0.49579134502018757	0.7086288979962735	0.7074350963533281
0.48053391672162965	0.7144873582884677	0.41379807135731494
0.4882213761073212	0.7094141894682741	0.30833224099781886
0.4749618826666526	0.7063421658207227	0.7958385002831709
0.4595298328312827	0.7321022208303678	0.496170223186166
0.4631358887796645	0.7308322839185407	0.8636027190460379
0.4589938862996279	0.7463894510812962	0.696659762494196
0.4348305214559258	0.7240343372711342	0.6265437415252745
0.43191495672629926	0.7355684167436451	0.7770840917521744
0.42694816997980856	0.727892768417199	0.38782724524060397
0.41962775400820584	0.753241683293537	0.8365258247178451
0.40718112721798483	0.7350550748354352	0.24399962479338555
0.4009358490384337	0.733454709313833	0.4359748464530454
0.40591351870774767	0.770846250994899	0.6794205127023253
0.3830768582427342	0.7566109689031231	0.36354195916650545
0.38579761208601004	0.7669429596654799	0.308352891186658
0.3678011094026452	0.7494488941020356	0.4059968549002757
0.3728693328547989	0.7721016761538538	0.22688504868269543
0.36115800292434636	0.7674541171015278	0.8831416303553845
0.3544771208047684	0.7705393435797322	0.0450022848958358
0.33971667580031256	0.7871264473231588	0.38378047581660324
0.3331532431737491	0.7660823776306962	0.67074736749294
0.3264803974585887	0.7865638066357991	0.8439124355538934
0.31525719845355493	0.7771889111176047	0.7475056174298267
0.3142597320998254	0.7788415488795508	0.0946400915660216
0.30981791473962933	0.7732572298192718	0.2518436967687172
0.3027168461265313	0.7928790203502681	0.990646163583071
0.28478539901412936	0.7834209609014768	0.10585124347804409
0.27757056017138687	0.7789614930486071	0.6632668012186085
0.2752434303068749	0.7861474362755101	0.568730896985291
0.26777401073960144	0.7884717734797106	0.06722333456201446
0.2579136617278688	0.8089806901260808	0.4683522691631652
0.2572285567993804	0.7955951503034364	0.6796920075021687
0.24856555112607248	0.8111839225090832	0.7774195630701123
0.23205321174251067	0.7936157511821851	0.5987116311845461
0.2263705925739527	0.8089846629177874	0.2477657439718971
0.21840790563033155	0.8174718222622941	0.8122367319151323
0.21432087593069094	0.8190071996053517	0.3567749164259686
0.20800784662293337	0.8145714874490193	0.7088064313624767
0.1961410626446856	0.8005901739507973	0.6841847208573982
0.1900707610638011	0.8162721323462326	0.8252294139601979
0.1840207546166162	0.8110913674697593	0.8367121802198392
0.1711206756641752	0.7944719606074975	0.08125798304374032
0.1669415647375233	0.8067216894407611	0.634447536790875
0.16208251726641437	0.8235150426275036	0.08389319290208408
0.15262453512841107	0.8014448935680194	0.4873730519468974
0.14120662112865567	0.8115128827625941	0.5585819827510353
0.1384068854256979	0.7991328474721984	0.12879189287613557
0.12606643373438034	0.820778019941865	0.48084937059318056
0.12129083322322241	0.8114331789078234	0.11152411296884823
0.11053662506351994	0.8190296219344403	0.08961076242487265
0.10217484081895875	0.8239450789935445	0.011307569200435741
0.09875411388671526	0.7887122578100191	0.6328613354107205
0.08871702246049527	0.7970168331964457	0.22916460606044653
0.08121800567933964	0.7947140706156274	0.4428200135120982
0.07525593562599452	0.8171491356340279	0.32009346457341525
0.06536379178371456	0.815151418371515	0.4978911618385924
0.057410653190278355	0.8072197679592858	0.0776121954230542
0.05163386560094939	0.7978674529474352	0.993018300417305
0.04298201087800752	0.8182658022941313	0.0994096648283258
0.03519345188304275	0.7869526424694933	0.9349683724852852
0.027208935007581057	0.811103798188692	0.1052627872090991
0.02060096399992091	0.8084894077629895	0.43230191574543086
0.012562315710208284	0.7986327111955808	0.7747960824349212
0.00500148240801461	0.7853786788004836	0.031078964490574124
-0.0025371910361693976	0.7858341033213523	0.3825847244304631
-0.010223588665995159	0.7814185376979298	0.18281741356765313
-0.017979521272579024	0.8018728733643075	0.38732993589943354
-0.02497101996486315	0.7866037341000934	0.6293011253691263
-0.03299061627896056	0.7840582573009166	0.7778146804232684
-0.04002428435919629	0.7878343452147208	0.7563781325732556
-0.04784554371036185	0.7935548759361306	0.010794280057351613
-0.056015103136473385	0.8002147450803099	0.10293480269319544
-0.062420708749109106	0.7923579453091658	0.20222269907637136
-0.06856413493086494	0.7808633671742147	0.889968707608662
-0.07803987677394743	0.7930072539769331	0.4599262835912351
-0.08252728542265593	0.7991007935271365	0.5476791608479966
-0.09344497668818037	0.788855353925581	0.6576050504958103
-0.10045452732486271	0.7858803657767814	0.2316290093631166
-0.1036104130715658	0.7921087345499664	0.88839925858085
-0.11093568082163516	0.7595455535683768	0.007831442139207057
-0.12037225231902347	0.7646646673225213	0.8009081805182257
-0.129594671435091	0.7640490744340195	0.7409769715982311
-0.13392418657720453	0.7789346685893037	0.2501326924511049
-0.14142823924034417	0.7856728637823801	0.8756016743479561
-0.14521160027435756	0.7545108555495887	0.5039093890910827
-0.15401989027378435	0.7734278020677754	0.31294038185912265
-0.1618167395944501	0.7429834313074868	0.18988312232642057
-0.16646763518504995	0.765800869844151	0.3186629304063523
-0.17760360362142227	0.7703065565169188	0.7202540387580935
-0.18763324346698368	0.7676564643875612	0.046027419390064606
-0.19254601575088331	0.7359536805595945	0.10184685404352978
-0.19581708921420185	0.7619200401526646	0.21674205524103818
-0.20423427692099494	0.7508293272407875	0.06878226274693744
-0.2079495065667457	0.7298850992572055	0.40575757623277364
-0.2124361471757305	0.7550618360854555	0.7541790040870298
-0.22759790946473055	0.719830111858431	0.7475406468424897
-0.22774756810228228	0.7399005339541305	0.05023781529927962
-0.23490991969065178	0.7384868027309951	0.5184187622204566
-0.24808762060741188	0.7151508135147069	0.1534300705343612
-0.2528160612263039	0.739914460338009	0.9530603834016167
-0.2518128866703354	0.7313337423588641	0.05464888944353563
-0.2603311226672327	0.7053427608639883	0.13487614771496947
-0.2756519770761539	0.7182637583887194	0.3659625212390817
-0.2742662069503401	0.7190707939298228	0.9566582737204923
-0.28844850022576196	0.7011238309837964	0.8230985320720235
-0.296490223735988	0.6879346791859013	0.615968747996355
-0.2884945425134724	0.7105420385257032	0.8343670953106548
-0.30453045545345675	0.6941463373746517	0.15968792989444447
-0.3028633733008803	0.6991394328579481	0.9612698993533625
-0.31456262293412407	0.6933320552153426	0.49272517319218856
-0.3218149512045125	0.6808977932637467	0.032941159035483225
-0.322560711107074	0.6679450871573731	0.7796923051577718
-0.32856307466694	0.6784175262706522	0.7463037817056258
-0.3346510584730774	0.6761305603346472	0.8274635734772976
-0.34508723041947775	0.6591755483630152	0.9374538262285818
-0.34524462397909655	0.662740042821947	0.15251010352721717
-0.3520739830185813	0.6466689298443031	0.653727489212626
-0.3632100786541211	0.655620567667451	0.18773756746691606
-0.3674547159294445	0.6454631813188889	0.3208167281155593
-0.3752651894218242	0.656625608618142	0.2527008718159709
-0.37886968191986875	0.6436859678799948	0.5098486738374195
-0.38713562792728934	0.6380040139561586	0.7112195345099862
-0.38432508676231103	0.6421560066012069	0.3509935142531371
-0.4060107764679509	0.6248914781830939	0.7305918912271081
-0.399271195992945	0.6358283790492945	0.5781464530539392
-0.40747302465852997	0.6190634929236687	0.053356717333950976
-0.4033728067411217	0.6245932864196554	0.1825032962970906
-0.41743507686115133	0.6092349253050883	0.37161329547374955
-0.4249177381082226	0.6196870609333808	0.8449472719664446
-0.43005437335001595	0.6177581065213691	0.07036398333197436
-0.4253469839056447	0.6004313848606416	0.9279890921002488
-0.42973461144669556	0.5832031657487566	0.052355888155380614
-0.44314053607272086	0.5813613452878755	0.037030309980815246
-0.4499439188884641	0.5785554602153217	0.13656114622191862
-0.4435748431329861	0.5950877254447394	0.8006057323279409
-0.4508528578901448	0.5830587346273458	0.27822192544250524
-0.4562268770666463	0.5607753521375995	0.031967833215379104
-0.479287613377759	0.5543226168233099	0.428901311658927
-0.46984269127671097	0.5698089214565578	0.46236686092032186
-0.47664668299372853	0.564866096819188	0.9138792916374006
-0.4842718133317961	0.5382577601891223	0.6715268886821472
-0.48138853663963305	0.5391019369648141	0.6316558120827116
-0.4810033897226654	0.5335365297322797	0.1940589696317998
-0.49108799506277706	0.5388481249684298	0.4625167854147556
-0.4955788844253501	0.5234890602835616	0.18082187948025863
-0.5152795584306797	0.5134544892552916	0.24587630693127316
-0.5179941815312713	0.5164100237842468	0.2398157105083344
-0.5043453296724449	0.5207652418430488	0.19840304275432252
-0.5114354768937376	0.5055490693048095	0.587449062207831
-0.5134146263133514	0.5115771485206886	0.03736733033891626
-0.5193837531917045	0.48947200299061777	0.07959222710984382
-0.5230735134023338	0.4984277602719102	0.058937904176750266
-0.5450064121131232	0.490596108010061	0.7920437302029391
-0.5337337164792922	0.4712047308713834	0.013355603575349595
-0.5320969278429963	0.4756304087744516	0.7207425266801598
-0.5515270783806084	0.4811226558055096	0.7695582970545619
-0.5532793437148836	0.47086306945029716	0.7790966404306208
-0.5518389276662903	0.45389666169877385	0.8054004431016681
-0.545797630506025	0.46276153639887757	0.22647259418150578
-0.5551076241172177	0.4574199898264223	0.33689439648865105
-0.5626884656938409	0.43057857606919525	0.6231301358422238
-0.5702895189019307	0.4355823510801623	0.6792136961466458
-0.5800618584876954	0.4192746051579201	0.31076149961903876
-0.5798364631610573	0.42799706514427827	0.8570075198432979
-0.581445033687311	0.41666880873913203	0.449454618197934
-0.5848407208497919	0.4152620548510512	0.6342751123987345
-0.5931783503348625	0.40644011855231543	0.5686776420806343
-0.5801159486270419	0.3975824934567455	0.08405695506107469
-0.5789356939435886	0.3852544186909994	0.43482914881728696
-0.6024901548703632	0.3895636054438333	0.7293674568443104
-0.6057566388677225	0.39056730895066427	0.5734009876718643
-0.6011841016202353	0.38382947877115087	0.7109273590347235
-0.6160738992205749	0.3727043608867297	0.5563499811356707
-0.60307193330869	0.3625342622740444	0.8785289012815697
-0.6024328322901594	0.3533712008613679	0.023501571679753086
-0.6096080049693875	0.34728883547249767	0.5968476192587105
-0.6023550904483516	0.34258847704359136	0.5364568956928508
-0.6264174327715656	0.335718704565276	0.9170818346876478
-0.6101422995002266	0.3314512104317491	0.8194630783051252
-0.6153855219720052	0.3322506305936785	0.985975934915531
-0.6266716989252228	0.31634101060701575	0.15951718916267643
-0.6392745180782277	0.313438008953496	0.665502323508177
-0.6315978974954667	0.30313996623674017	0.6596152781969665
-0.6173334578099596	0.2950183309065634	0.19056955448386947
-0.6489780252891088	0.2915141765935599	0.21624693773992243
-0.6263464489924176	0.28798355460151376	0.35732381137467073
-0.6244172413734382	0.28812545600938366	0.6798344069681477
-0.6396866418854317	0.2782243656622898	0.5615099344920136
-0.6468525306802065	0.2756235654455309	0.813360387202624
-0.6501629139453503	0.26654126548257157	0.1052213367513406
-0.6398451571726252	0.25352837096692227	0.45342806648407163
-0.6429970584506512	0.2486312859163126	0.04792603854679234
-0.6619788623239985	0.23950727690110238	0.05292222824474124
-0.6612562102600922	0.24419873436936562	0.18649784405221315
-0.6408167789505494	0.22770982830033143	0.13491811807247456
-0.6435096397053229	0.22759578862541632	0.22727643375212214
-0.642792759433732	0.21506019698016107	0.22140030753371198
-0.6635164254139394	0.21649700895938037	0.1360136427140879
-0.6459814685630924	0.204934918600598	0.3323469876299998
-0.6745441493182787	0.20280959744083527	0.9312195502972779
-0.6664088888442722	0.1948072507393107	0.9341620966083851
-0.6500440602457513	0.18545540830022963	0.9606561445004759
-0.6626713882265917	0.18331433172979297	0.5674188736803899
-0.6741959205112676	0.17709962049407157	0.2094478228229414
-0.6726216172155298	0.1706534291709317	0.8656898016669862
-0.6637511610629612	0.1612438117827003	0.26072432451897787
-0.6731068176781473	0.15714782407200795	0.8969717425520868
-0.6638135945186462	0.14796205148919694	0.37846664609584946
-0.6727713904422097	0.1429570058176098	0.0020639132659939774
-0.6716440822834773	0.1366689149269963	0.8457578433037933
-0.6539468815224092	0.13064186341690776	0.022058544701535565
-0.6773196321319465	0.1259402085322612	0.3845004399808134
-0.6535987792829967	0.11542421457194683	0.4816631453142547
-0.6667340006890843	0.10948601286111094	0.706646498970046
-0.667536002563102	0.10230722701615684	0.7998404629553924
-0.66652031501591	0.09975720161185728	0.04153342220830836
-0.6805825854625018	0.08889160201148776	0.8847796394295003
-0.6834193981208988	0.08647838653061898	0.01964609280412588
-0.687184267527167	0.0765814816187856	0.7919032174707756
-0.6700125794032428	0.07244579939241422	0.49510347392702614
-0.6735438597773349	0.06486499665402312	0.5516957092749424
-0.6727780286904047	0.05772721746614856	0.7399223050266017
-0.6721428386195153	0.052379591882045336	0.907319951608197
-0.6701894520593291	0.04664474023267498	0.4217292780567681
-0.658825823849747	0.0397597791339211	0.07958890949198705
-0.6836848067184331	0.03315570056188071	0.8455051808133486
-0.6742714444960436	0.02753319370159958	0.8317085127172477
-0.6679858171847378	0.020672262080773888	0.95599393095494
-0.6580345753608319	0.01487869780706159	0.4784250931186016
-0.6827764572193719	0.008522680208765078	0.9400461720797728
-0.6693350909595296	0.0021239408178682483	0.8895997802151434
-0.6789508256042418	-0.004282965981200573	0.5229794923060491
-0.6738945975786591	-0.01035327300373246	0.39292753806732816
-0.6760029188107098	-0.016564677166532368	0.8667283751769088
-0.6783670846616805	-0.022413908259680475	0.766850754418604
-0.6632219812519138	-0.02845309104156945	0.06058490845988784
-0.6650857852696289	-0.03494645704024985	0.362208517044725
-0.6534932166694175	-0.0407554707972934	0.7119022395326613
-0.6493104991864935	-0.04874733807121133	0.09262509106415506
-0.6627463182897557	-0.05515501128182042	0.8253299311873341
-0.6684070704237742	-0.05999362766830452	0.8850214656390051
-0.6535793866317526	-0.06707987309439087	0.9428867044122776
-0.6578808803062415	-0.0718684630216433	0.7634394173779245
-0.6603659220574796	-0.07695595030660485	0.6832965457917337
-0.6431389732291676	-0.08239024084441118	0.06555974938945863
-0.6368183817344456	-0.08972550734488076	0.9649745525363413
-0.6495572417043048	-0.09637619120298158	0.027775916698643877
-0.6347221548957775	-0.10146915113620927	0.06952726171692669
-0.6494395968780188	-0.10952541891890752	0.5393604158648162
-0.6382101743633365	-0.11458597755112766	0.7751243351493979
-0.6298055879810515	-0.12025501976736656	0.4068095625540079
-0.6292577417130968	-0.12610120896755608	0.9793986361103656
-0.6413356963981435	-0.13163934761465468	0.22802315141940965
-0.6367171936671415	-0.14026658959310634	0.8858876561485853
-0.6360358597870482	-0.14334651715319954	0.6618960064522835
-0.6311360217355029	-0.14666175319230979	0.18844727739635947
-0.6244814842441189	-0.15185429376037177	0.23025669011058758
-0.6406715163419285	-0.16167888937728112	0.7602449541072241
-0.6152823050183506	-0.1654574239343338	0.9286296610215257
-0.6268950598906634	-0.16942046815575332	0.48401091530305884
-0.6194241485867352	-0.18118646604588923	0.31971059456932804
-0.6051779172153863	-0.18426236324693876	0.015864851114656076
-0.6065723244506471	-0.18855826372513315	0.8531925550268872
-0.6205379158874228	-0.19969206286469401	0.6248974378365405
-0.6118520568293759	-0.20272131097707796	0.966320553554209
-0.6068689705419312	-0.20441985361939907	0.14769680475585456
-0.6078286947255709	-0.2122210379413087	0.4458462716186933
-0.6172765077581637	-0.22012030827455994	0.1580629677309151
-0.598082770597275	-0.22515167947424694	0.8578413043434604
-0.607727505168318	-0.23444868023364263	0.29760070126015903
-0.5973501340458858	-0.23837081964943338	0.6045427287555434
-0.6011693610249261	-0.24288504732429705	0.14067088882862744
-0.5865449110430534	-0.24285225042769687	0.5266404591080346
-0.5741486585203359	-0.2460660487611366	0.21721705549006476
-0.5868653237868433	-0.26048449691657755	0.3478068510366371
-0.5762994393225322	-0.26448258916981926	0.9830602452563213
-0.5909307313443467	-0.2726397302682532	0.45888211406943735
-0.5674542280842362	-0.26463459178040066	0.19961702898406297
-0.5635332833279127	-0.27955026287091234	0.37135893674883413
-0.576458598687194	-0.2758948499576918	0.524341388650384
-0.573297657295636	-0.2918684069546579	0.3865668643119501
-0.5641253045146396	-0.2928492375975797	0.9689045800946751
-0.5576892917908994	-0.2998055446906495	0.10927039522182735
-0.5527543827470703	-0.3039835530853019	0.7244420204960642
-0.5477389916028375	-0.30793641692274754	0.8023726013546639
-0.5612462657491574	-0.31179991876669044	0.6557666839926575
-0.5448884412308028	-0.31894688324756765	0.5504727273800715
-0.5407982115532937	-0.3164303445202763	0.39374873623882556
-0.5498816128259125	-0.32907855235618066	0.07310735844280458
-0.5426019397640586	-0.32783904118083307	0.7705984277813055
-0.5264436635692429	-0.3349370509654083	0.9383132845233757
-0.5370618666416761	-0.34822012931313795	0.4541017555679113
-0.5358128265944342	-0.33676605734268356	0.3793150185546299
-0.5233786153478069	-0.34856747611927297	0.28632990397593217
-0.529717510323527	-0.3538180600329456	0.31381370769315864
-0.5169037404738888	-0.357681259434891	0.9079286443639395
-0.5184977334438863	-0.3588439422452219	0.7403856208999405
-0.505409936605973	-0.37611765958834487	0.3412218444816979
-0.5025907754509639	-0.3624926944746527	0.80383550251609
-0.4925279715910099	-0.3671878358864905	0.4757842270273962
-0.48741114914665007	-0.38570457030538147	0.7190737583016237
-0.4975023228432295	-0.3810691756283048	0.33630092186928207
-0.48918488966912005	-0.3873483960957895	0.6214287504585728
-0.47106003337631247	-0.3972598640439192	0.7865080126702824
-0.47911352925177814	-0.403744031352698	0.28987158677478053
-0.48241367335150825	-0.4066697232113073	0.789870759972583
-0.4690743404357573	-0.4019054665892069	0.6980348112167212
-0.4631606609673176	-0.40722407153490664	0.985061560923183
-0.46111864321387974	-0.41802630048139044	0.9772121580072364
-0.4657417498026862	-0.4171857956959568	0.37917606635749757
-0.4430730912279097	-0.4227196453206319	0.44982506107091025
-0.4483604977348059	-0.4209160072078666	0.22669849034279654
-0.43843510888760084	-0.4239670275054004	0.825331673268688
-0.44187084245139485	-0.4250929602278964	0.5015455248060544
-0.4281374928643917	-0.4411580855633718	0.07003360934075076
-0.43806257092594786	-0.44469872067980165	0.00760291195556384
-0.4191632575243615	-0.44470377642109277	0.2162352332823222
-0.41586092642237704	-0.4401714903526836	0.3079326217492844
-0.41156346963770496	-0.44333883323548773	0.849873579240928
-0.412497383832815	-0.4581526819027535	0.13020669042914812
-0.40228728289154464	-0.4494894034153948	0.2892839585846726
-0.4046336516217755	-0.45482207353468995	0.6011853916692106
-0.40191858794079227	-0.4611972769937518	0.14758390082745465
-0.3918302024429568	-0.4695274545195228	0.8314550621478131
-0.39369430770257596	-0.48078529777047885	0.08894381752858782
-0.375179940018924	-0.4767091892452402	0.4154066190019552
-0.38446744026778473	-0.4705373481521463	0.2795246410913872
-0.3785943151991891	-0.4896068631046477	0.4758853969371374
-0.3619887811329283	-0.4943712539762344	0.3909629797129338
-0.36514273393810626	-0.4757842066920434	0.5106816430297751
-0.36237744192507876	-0.4993669298657235	0.1604043742988046
-0.3495208137434865	-0.49645267751160427	0.012092638221107288
-0.355610738111522	-0.5041597647456248	0.8942913712535979
-0.33501983791710555	-0.488465725086311	0.47481336907741745
-0.34137252277994373	-0.5112702465405305	0.6204466865342536
-0.33874611631370694	-0.5094782527096381	0.5482801056130684
-0.33537502767891286	-0.4971711546954606	0.6233025652153917
-0.31555475426774754	-0.5099138460077959	0.767362377167687
-0.31114042819420307	-0.503251104822343	0.2838957066964214
-0.3098209832615547	-0.5059574256952407	0.14578677171490217
-0.312429181804164	-0.5200625275484201	0.8595468944657412
-0.30767010099784703	-0.5080513195331889	0.19365741223132893
-0.2944581127180857	-0.5308638410333186	0.7548852342193277
-0.2925029922184587	-0.5315813360002464	0.13193394599480712
-0.2882104926364488	-0.5385804446974524	0.9834561972586264
-0.28534395349920316	-0.5172224242428626	0.5247954328998872
-0.27402205359528353	-0.5245369186125003	0.7233468796446205
-0.27490109228949017	-0.5404876743059618	0.3590171239961325
-0.2669449735363707	-0.5284656501713663	0.29117592540401027
-0.2614613538030464	-0.526472766491735	0.4451024316373039
-0.251190905971203	-0.5427796630846967	0.9849936669311271
-0.25507230108490203	-0.5280616897159646	0.40260303868970193
-0.24227792500354223	-0.5309613750559086	0.9379915358793872
-0.24134562689302372	-0.5420672222648255	0.4260560032185008
-0.23782112401131286	-0.5404961407852021	0.23865057964407654
-0.22750999203512268	-0.5490223710975128	0.7658211725977397
-0.2198393524124151	-0.5414374912935489	0.3831689642048156
-0.21674826883600265	-0.5416227005453021	0.5136745767773708
-0.21045070176052558	-0.5546906013757357	0.6224839143823218
-0.2062386917890934	-0.5535330899444758	0.22726289087273033
-0.19849060830706738	-0.5594631303218148	0.6950238122022355
-0.2004071687352981	-0.5547398585267004	0.49516194526007495
-0.1909390112300457	-0.5548945727022302	0.49346104113571
-0.18951025451754958	-0.5677696128728217	0.3772980183388921
-0.17963668254884035	-0.5560422829210022	0.37555881171950534
-0.1755292614214467	-0.5614053729858511	0.05247796094871904
-0.16799728702325512	-0.5648324648818763	0.005714534080826561
-0.15989277793548426	-0.5667630949533328	0.8428836725446922
-0.15651879520638773	-0.5537391872141286	0.8120787650808458
-0.1554844589921621	-0.5565304829995781	0.730613110420718
-0.14469618307792817	-0.5578038808657212	0.9594373746432179
-0.1440826245658703	-0.553839743425278	0.9737660081519676
-0.13454839327419635	-0.556296321890122	0.950255420739862
-0.13171384440433398	-0.5704680836214887	0.8711266879599063
-0.125925232529441	-0.5798441406209797	0.45381203745883036
-0.11732047835156034	-0.5627308410687937	0.7570982385642573
-0.11499235027835267	-0.559614848738453	0.4231135776357099
-0.10823739652974342	-0.5706149876944154	0.057251883065295495
-0.10419746141885625	-0.5681002217246416	0.47322053704552913
-0.09976587850260583	-0.5806902546716721	0.32361992908957515
-0.09170854608287915	-0.5698711705434714	0.6334356696945992
-0.0858935728036249	-0.5869929958057412	0.5580036635630953
-0.08209669852768287	-0.5619369038601612	0.8940042589849618
-0.07531947601274493	-0.5704244173941593	0.7698702530578302
-0.07099443470888125	-0.5627288949940784	0.07577280406408649
-0.06629214852582155	-0.5601269731022114	0.004462880203645381
-0.05909252167115421	-0.5757219539870592	0.301243297836707
-0.05486648437804759	-0.5609231650970341	0.7886025816453801
-0.04907999244326738	-0.5603772336751891	0.7196301270902209
-0.04430732459925391	-0.5732203732036241	0.5161497070530618
-0.038155584463961306	-0.572574337211555	0.05677860257433909
-0.03313056064180096	-0.573203206591579	0.8987527825167415
-0.027618025688618257	-0.5630431831280331	0.8405532584021171
-0.021103948158763236	-0.5599149860137869	0.4622810362452766
-0.016090698574175687	-0.5695635112650161	0.2931700014103358
-0.010987739502710437	-0.5841386577680034	0.31503570007262316
-0.005390286590081921	-0.5673543196647087	0.31224590734500535
-1.0553943710025537E-16	-0.5713122563644519	0.6209289569519938
0.005368650664727704	-0.5716960629470349	0.6699065346235651
0.011011823385131151	-0.5738347566967177	0.5489744231404732
0.01617093191082464	-0.5804128880838152	0.525971626583245
0.021871106420592996	-0.5804714420323912	0.3772747021332892
0.026694099645481913	-0.5770304267326449	0.9615283813161551
0.032778271824332746	-0.5666724766865824	0.4277420384007695
0.0377815739684295	-0.5649545067438979	0.4997783146367336
0.042749878184428686	-0.572694886705629	0.6722278731402909
0.04864452136316466	-0.569486160914971	0.9492980262876816
0.053213502044790764	-0.5636189503699965	0.015683602313332656
0.05750359108859868	-0.5764678931516035	0.17266957814269857
0.06304560617518709	-0.5608924146551701	0.3682124538034163
0.0706671874731446	-0.5678277354701662	0.18642831689808126
0.07334220707708303	-0.5588045048381	0.8526854197445543
0.07986907273073172	-0.5461397938484616	0.14304166556915243
0.08581452762993483	-0.5499547035752194	0.5675730292635458
0.08846106995711805	-0.5549732031637878	0.23365689066699957
0.09516315855610367	-0.5608191781199949	0.8600709572158515
0.10199886540630988	-0.5646680395299654	0.285858951464497
0.1057540937286376	-0.5386256935700015	0.23250619068390288
0.10794044062864554	-0.5469654932956384	0.1076921288933409
0.11768443493028456	-0.5462638479456116	0.8393799990825788
0.12083611523056215	-0.5343667198590792	0.2432166837921237
0.12301638174083061	-0.5458662184920503	0.699225649462072
0.1296890731894364	-0.5434798651449675	0.21462361849103884
0.13638434730946417	-0.5372304535177167	0.3616147363052241
0.14284257675875528	-0.5284873359999835	0.05465662608390687
0.14421911768076814	-0.5512470888881461	0.4272785386346829
0.15129327064225578	-0.5475339700525294	0.4832681128836701
0.15260811058400509	-0.5312968010685619	0.9391270919245459
0.16004362639842595	-0.5275222050569114	0.5862657936876517
0.16724191812534728	-0.5184357279600064	0.24541353567673407
0.16591934087608717	-0.5343876964370983	0.9123192256942643
0.17678761796891926	-0.5232496174277925	0.043823701655640424
0.18012196624425275	-0.523291688896743	0.450496286882907
0.18133942718175547	-0.5279616262750662	0.22467523211662188
0.19269252434304157	-0.5241952399760154	0.2853971879312308
0.19109739264071957	-0.5067095253771706	0.6300584018246884
0.19764031289671805	-0.5141132139768401	0.8547602233482674
0.19953739548084476	-0.5029133517921439	0.6739743743224191
0.20968698504938185	-0.515279035925854	0.140051152815435
0.21018920309678396	-0.5201440900270486	0.6623097902982187
0.21765769566689816	-0.5064094081899336	0.7261859974356301
0.21967920311320296	-0.5112552729876765	0.060786871591973046
0.22552225632055625	-0.5029581341466595	0.9867319449796204
0.23226200734930894	-0.4882240343683742	0.9386739881522108
0.23827670710135382	-0.4887382423920637	0.3719649186036389
0.23738579286426353	-0.49631808884352185	0.17435767576588124
0.2473837823606257	-0.4975198719212916	0.37080318008284996
0.24519388917025925	-0.49670858992840716	0.6471287810653754
0.25417254023548863	-0.47436103414578634	0.6240052353337465
0.25161752136656174	-0.4805958506647012	0.6972670426379427
0.26676668431333606	-0.4726734778280962	0.03757799687290231
0.2669195391774169	-0.48203158574843485	0.9170404180617291
0.2636963680605816	-0.48138297958522536	0.7649483786751582
0.2739370459525481	-0.481551398848406	0.6718734046686762
0.276691748709938	-0.47248162881043065	0.22097907198233468
0.2799884546689141	-0.45831630409228485	0.4331991252424623
0.2826653415398263	-0.4669614315554615	0.5281978249029263
0.2898972877406267	-0.45009194880075926	0.6695132727739452
0.29406956048480093	-0.44996660284326584	0.1965816632888736
0.3064923697217186	-0.44656104353468656	0.976688470798766
0.3028867406753672	-0.45936059514689803	0.4467308244997614
0.29999762371863553	-0.43895185735972386	0.013823815682658891
0.3039869041961476	-0.4398137876211183	0.4533163882118958
0.31031206821632795	-0.43563440017562594	0.3139797847816437
0.3230477409385769	-0.4255769324414973	0.2233344523639993
0.3268446150624839	-0.44154318886016336	0.6944455113546824
0.32679121343824036	-0.4193973224322529	0.8965866892578225
0.32558137803193543	-0.431427535708527	0.8970891547443646
0.32855304138261404	-0.421840182427176	0.4932793480571125
0.33129758366878825	-0.4097854749457148	0.6708478262618444
0.345862751751545	-0.4245476658908672	0.8432369749663549
0.3525649918289127	-0.4166815875906288	0.5550539966061437
0.3561079824062166	-0.40720301175910156	0.8006387536783733
0.3450459373475311	-0.4075240451945762	0.9630791017555809
0.3631603486431102	-0.3954780262827686	0.499656150531521
0.35663627991347174	-0.4035859878208354	0.6913968407434473
0.3558642558960323	-0.3901649943630839	0.4427335398507002
0.3723327469361724	-0.39045581158894677	0.39934799634675466
0.3658332748626589	-0.3793764537083676	0.8073851952592307
0.37724250919064817	-0.3757751036378923	0.09132693064477604
0.370358048166211	-0.3874852467366134	0.8156066562482098
0.3728226333057054	-0.37088086748051374	0.743858799756654
0.38172241552712377	-0.36891414370676373	0.15261323606031096
0.3838990575204802	-0.37515171763021143	0.898427363177565
0.39179836489764114	-0.3637283800407724	0.782145810755043
0.3986219927046478	-0.35283739938632636	0.28678301586413546
0.38944365594754726	-0.3569650091215698	0.06010896430348944
0.40586335276787316	-0.3595045407814155	0.8168287826392918
0.40604268953592737	-0.34667168444479535	0.32143031779105713
0.4100345527937961	-0.3511544041862864	0.4372641456905315
0.4000966356416879	-0.34614342070803755	0.14211044482849322
0.41590890496252714	-0.32923978139166343	0.27371930893672247
0.40808912184536084	-0.33776851548502856	0.016938538800238878
0.4114109352943501	-0.32891094992580727	0.2867914803828663
0.41674595674245596	-0.31533502165622607	0.46105775197936427
0.41084514231627245	-0.3240175451917533	0.03494443689648963
0.42006398891617086	-0.31705050910496707	0.8297250547191877
0.4312269264547017	-0.3018966064180122	0.20066902676655451
0.43694709981515223	-0.3016120524216296	0.48123661656914174
0.43569492757435546	-0.29786545579514645	0.5497535437931461
0.44319672075225397	-0.3001444913272116	0.3145534178796253
0.4406339974484254	-0.29705116544198235	0.27381746163238374
0.4380978999336846	-0.2823129854809771	0.4958661805322512
0.4316343878114883	-0.27868781278852456	0.7825651375913101
0.4464253644301527	-0.28551584313758477	0.5538072532960302
0.4433863589598706	-0.2794371848491788	0.8177405085437924
0.44517998682068505	-0.2664265883143819	0.9341300592134353
0.45859934800979474	-0.26367857561618446	0.2465792937600101
0.4500911054743881	-0.26066449274049824	0.6511459622266416
0.4461419625685366	-0.2507365408328542	0.2861895422962649
0.44658543312743865	-0.2560899483189328	0.14060696507897708
0.46086033810371935	-0.25326328313781793	0.8324115090283453
0.46340229632847224	-0.24630736405802647	0.6055606365116316
0.47144788428724427	-0.24214377840028187	0.14869208856141447
0.471747337371515	-0.23489645166652692	0.8253288071444141
0.4636699219041602	-0.22753068530974388	0.5738791966100308
0.4737738310244986	-0.2246165264871472	0.3907107551968102
0.47850954451736905	-0.21543570564156497	0.8982641809344398
0.476335934289308	-0.22122066977219806	0.563837259299175
0.46234935917660996	-0.20807182109627514	0.20780271696031982
0.4697808832251011	-0.20995395052321772	0.7509360406834974
0.47620109162420865	-0.20460176484298037	0.44412891983764247
0.47522882462093285	-0.19842266708267825	0.10542412576481686
0.4858835559102331	-0.19350385918470134	0.551673678731445
0.4818083717412433	-0.1903140272144913	0.888192486232576
0.48856370729070936	-0.18547051462539021	0.049766790901284885
0.48901959246440563	-0.17854656176274364	0.9279006922704423
0.48432639388324766	-0.1759354986694872	0.5685458904011862
0.48305399251027586	-0.1688561236320656	0.05990949474806129
0.4966728243986366	-0.166156190401627	0.30805099341811604
0.4813352738903613	-0.16222166767648197	0.8034978276611008
0.4815305352087002	-0.15817606313077084	0.9364900872909716
0.47781645816544366	-0.15199171404883322	0.40538034207258
0.4881090249503361	-0.1449996885425729	0.40130003569831707
0.48333499193639523	-0.13852432425425248	0.8710535383993933
0.4994879166039124	-0.13326777960405192	0.6321866564260747
0.49870862757099493	-0.1330674545297422	0.4491978902274837
0.49921420163216546	-0.12717297793286425	0.3846715243951173
0.4946893351929414	-0.12199127510174146	0.5194753890666942
0.4857391738855122	-0.11828221636464462	0.22925637127247545
0.5086370716316275	-0.11189919998913041	0.6840490204539038
0.4979262895458108	-0.10637648819065988	0.8334065146856143
0.4985185424088408	-0.10419134476449513	0.6156590431328659
0.4924197786538428	-0.0961524715615519	0.8473825798170715
0.5092886542003255	-0.09528338572695015	0.19187784494319193
0.504715579473673	-0.08943737697047571	0.05785673121890322
0.49054921825331976	-0.08219422640755822	0.6727358127736872
0.5067147009007094	-0.08000625975152999	0.7492368415686472
0.48824224288743406	-0.07351679399403874	0.023611532963108472
0.4954401414356151	-0.0695655946349222	0.6391810034178689
0.490697584797167	-0.0639666659033466	0.2807943050880807
0.5130860277475306	-0.05863569418641846	0.2480573369139294
0.5012336659635346	-0.05401134591973063	0.3238705051699279
0.5101788176139477	-0.05114274655458661	0.3695921054762258
0.5107085445918903	-0.0452819352260374	0.8489570600230497
0.5024844234796237	-0.04122950290285899	0.08851975888142494
0.5084255610391714	-0.0354684388082837	0.6192586705657904
0.49254094456082376	-0.031351082412932454	0.1427955056374548
0.5064727393185344	-0.026283318232907492	0.02830607227004389
0.49892743737997725	-0.021832516157439488	0.5711022966101574
0.49813662983840507	-0.017306088614550012	0.4227438404611945
0.4976286303393299	-0.01258986615914337	0.794036320095017
0.4927312842593175	-0.007787601778656511	0.07258685388352948
0.5031614336008706	-0.003185534460543393	0.3991662890295974
0.49447402726216105	0.0015882456083081134	0.3434633414643452
0.4931806377195948	0.006180657401271882	0.43761608505141536
0.48699238655872623	0.011098665975648684	0.7180067470146084
0.4880951409412036	0.01591635463271271	0.34995497284953203
0.49938186274868784	0.020041886110326243	0.6275982551659355
0.5011787365189633	0.025357141356414287	0.917830153888573
0.5089272769850915	0.03029761670204065	0.3021143265686468
0.4886808605754673	0.033885120059628945	0.15007204667025376
0.4942998633760476	0.03822458077345254	0.9123180483795742
0.4965699943341115	0.044485361541342514	0.744531769021729
0.500590983210794	0.0490674452048228	0.3659974033115495
0.49716579224496393	0.05179828877081903	0.700366826784385
0.48514784294293256	0.05709045468989358	0.24391504822791887
0.48486206239697	0.06316308624219234	0.6317970174936106
0.5001458567601824	0.06681184336950736	0.9354514313997617
0.4908843830933605	0.06961086317162123	0.4305468609538471
0.49348911139003676	0.0769388728936908	0.38644818144476445
0.4791812281896472	0.07867374690952122	0.5952095370172131
0.48641675846370924	0.08479353217701847	0.10324679203471598
0.4933017941031145	0.08736332969091316	0.6390073803256873
0.4886455477454538	0.09388777875890879	0.6236747878363456
0.47230411798118976	0.09940787305084924	0.089292662700594
0.4868688575180112	0.10405208732266995	0.7650766337176823
0.48646311895826055	0.10963897375528502	0.04878660299397408
0.46707557362288277	0.11108736981056228	0.12282587775437226
0.48298010950559606	0.1138043734730217	0.8266186841770825
0.4731463364040668	0.12165319971218151	0.5224056370903538
0.4852711668942518	0.1272026242822742	0.7962415792078689
0.4704567153380828	0.12639737115974856	0.5440679728205479
0.4759915205784805	0.13596603248474232	0.6825876460264939
0.4695267324743669	0.1402537655505287	0.5958014918044241
0.4638328497773236	0.1418959524725813	0.1673403895492671
0.4640840674722978	0.1486339532374881	0.7745819338260241
0.47329350002769255	0.14766084648761066	0.6244632079369496
0.45786986635426824	0.15521634845775814	0.028760774689008395
0.46884430321025583	0.15931771336159725	0.011923425680528399
0.4512045531939939	0.163015631047867	0.6402049228551159
0.4485578360626637	0.1674025660966068	0.7828528814635255
0.46144398432704653	0.1716668375434093	0.8459918794028132
0.4459412946508852	0.17391799043178346	0.28164891819161897
0.4585632743491507	0.1767371697417899	0.4009479624469524
0.4588555557692761	0.18539901440018378	0.20562461756022032
0.4455071836055509	0.19080510035381543	0.015011756506866702
0.44054880989397033	0.1897188184445489	0.13558837724523043
0.4526849470781416	0.19614615832253274	1.7363913960444233E-4
0.4318120324302103	0.19552925906433286	0.47744152590130484
0.4471077279285584	0.20382742132571988	0.4772805536164164
0.4443605605305369	0.21058534286633707	0.8811118001813155
0.4296996120355366	0.20912967519979803	0.5963734080831904
0.424354783216601	0.21884989017780426	0.2778930130735031
0.41928261885129214	0.22490539740274693	0.6640782429432477
0.4323575521462459	0.22271105260266316	0.3585494717628238
0.4303169383706333	0.23329380173231262	0.9548876638534554
0.4170580842566411	0.2316345176264063	0.12882309511293
0.4280308476467637	0.23332694873243529	0.06567828946459886
0.4200286399314916	0.24179727707323118	0.5755981092344411
0.4174986415303975	0.2390491619951105	0.28479374419320613
0.4019294682398537	0.252695737394404	0.8941321313581252
0.4030327106830892	0.2531207392236468	0.5110680192801251
0.41243129895391945	0.25879748361805804	0.6367736892629019
0.4043551085112372	0.2533927584252513	0.4118121378682882
0.3982550608338097	0.26674864232731615	0.6540473411128555
0.39566977656607044	0.2671467309151024	0.4498922036498312
0.4014608631978131	0.26880486970592155	0.7562881200703382
0.38238106717631837	0.27534456610183966	0.8026043971641369
0.38582217754701414	0.2689773456105574	0.19626916258991023
0.3822568483390891	0.278390336883222	0.5833325574586153
0.3746074567538997	0.28645866091520633	0.8961539931620571
0.3819565602062896	0.2804099815979025	0.4134923576726677
0.38567395129854154	0.286663845426597	0.10521012019829001
0.3679030904804406	0.29489120168352156	0.546770149000102
0.3715153184698442	0.29565799051942826	0.8888325558525221
0.36353870157071394	0.30327205714545014	0.45501569823280075
0.3601804214425033	0.30373558583776034	0.17090393878672916
0.3706165955565557	0.3116166109504498	0.23242575340367655
0.3672501815305793	0.3017369652228878	0.34533991954586896
0.352640885416026	0.3051479947020906	0.14387398125513806
0.35419101167022493	0.31549634386712166	0.6491126189785016
0.34719796214051707	0.32186835258937563	0.3964324088149789
0.3378663095894404	0.3246362352111322	0.41991189537314677
0.34185054274818405	0.31615544123405015	0.5455419560216017
0.34556849063793044	0.3198733908882099	0.3522488547229352
0.3387866640963934	0.3339063418166203	0.25325487530635626
0.3276394852032677	0.33444052525040713	0.5620771180048759
0.3346545214333512	0.3377388768118447	0.8488534379592683
0.32458048354296754	0.33704260817042697	0.5935742680218355
0.31948191392063385	0.3361433292808329	0.6050308919914444
0.3171955241159717	0.35157229965081693	0.4421581488771824
0.3088904226141854	0.35543148172197697	0.07881368215971152
0.313464730196766	0.3511386863559957	0.6034341166203155
0.3097871841718544	0.3567608563967135	0.9204279277123121
0.3098772246831331	0.34898201123817596	0.44407428902584845
0.3074479741627829	0.35804227885357176	0.6427918423527471
0.291044626373496	0.3532589508205481	0.9946044886185763
0.2913677272478045	0.3631661525125369	0.9069560130304567
0.28917573018982573	0.3734134376896392	0.40082384347374345
0.29387398467243714	0.36181512192188475	0.037598927411920724
0.28950839695467595	0.3730358906852161	0.2897347047190013
0.2811988769967959	0.37686036114285815	0.22958958791150252
0.2712389720459799	0.38280555540333144	0.5288405741474116
0.27124894978713865	0.3839562502317729	0.7693223328195679
0.2638107672551053	0.369907358364619	0.30310855001252535
0.26311229515437295	0.3818866359909677	0.8492375529774975
0.26205969936330425	0.3888401984418507	0.8770352627320891
0.2542255347035389	0.3920168005919733	0.15643307668013284
0.2555923501159324	0.3871081956476542	0.8995391670564531
0.24498750172771008	0.3998144441819241	0.8692326151059531
0.2436854804851207	0.4017686177468873	0.9200471106960403
0.24733934114143757	0.3867580596633425	0.3875984094954136
0.2420700553675203	0.4032365357746668	0.5809697076769288
0.23607765703314817	0.40752602734403615	0.9996875135979145
0.2313609934948465	0.4093707460276189	0.4116293260659205
0.2208195968078447	0.4098590525644512	0.01996683493864926
0.2208506697657095	0.4076261558928109	0.16249906285401328
0.21506650509780054	0.4115104514980556	0.46621965970706924
0.2163503442533739	0.410809822985585	0.016353064299527653
0.21297941183679414	0.39988040545760717	0.6773316494817181
0.20220585417552492	0.4111119594419958	0.3103768048559026
0.2059557924084381	0.408397840374476	0.5029571847803983
0.1955945984394985	0.412381941885721	0.955502151320398
0.19475053703367676	0.4252877481412729	0.107341859900978
0.19281016939732215	0.4168195865572384	0.5936232781271502
0.18685615821034526	0.4142354654202096	0.0028010748304923005
0.1781751986343135	0.41119237478433607	0.5174311302061433
0.1807286426566608	0.41682442497558053	0.297714477859215
0.17548989502870088	0.42068200374459647	0.26703391910122654
0.17164205434938948	0.41423092966237657	0.773845794925122
0.1668101861732452	0.4224961267634685	0.449818645081846
0.16223999340495923	0.4315018783637185	0.2977249965390161
0.16052128720142156	0.42454540538137947	0.5821635764423374
0.1516416851079153	0.4270358838300697	0.8731397737331384
0.14988336745656594	0.42777073305978897	0.19224606110896936
0.14496754976695522	0.4214898048663272	0.8289734590218677
0.14073243294145438	0.4355964083092114	0.09435310139076036
0.13926830176389243	0.43979857582767967	0.2689866410491507
0.12924930343436533	0.4444344292427006	0.7377582662838746
0.12783740160217044	0.4270242687569928	0.40360118860941774
0.12294955589216529	0.43637911067768004	0.586200537965427
0.11740604029776626	0.43250195934337393	0.34400267390891603
0.1127814851142831	0.44685320002052026	0.10955715440757641
0.10899860412333165	0.4326650213228938	0.9452437244103202
0.10550870471337069	0.42972739226774975	0.07222996049803865
0.10415370902249138	0.4406443531674738	0.8639105051285751
0.09648714504126321	0.43921868523794994	0.7384127359621484
0.09395062817832998	0.44095879832060747	0.165395828444602
0.08925377156372377	0.43346539259256023	0.1400545735953873
0.08748150758089261	0.44076455191386454	0.020693907676702428
0.08183551647844632	0.45208081991262106	0.6634423677243096
0.0784708491278927	0.4341318360271894	0.35636791434730597
0.07379498656424777	0.4440615389784131	0.0813364041807213
0.0683307117488017	0.4546640523989271	0.23850424211991095
0.06507976347033981	0.43366821981199744	0.07643044254828257
0.060753558859993756	0.44699713338080177	0.4225766887703363
0.05610731667195189	0.45479265511606165	0.22983935937004563
0.05269171272645706	0.4448648538218068	0.8717070645927598
0.04767869892625858	0.45370273254780114	0.707710537772208
0.04290537978800848	0.45264653337663546	0.26569543114323424
0.03965364707037082	0.4343682148441366	0.30044943068025387
0.03435396787028189	0.4537771220147385	0.08869300347189024
0.030932347794103737	0.44422475991349875	0.7626242251735628
0.02699980957410863	0.44437723314467364	0.2977679962262013
0.022860002559085452	0.44627820178311906	0.6902945469584035
0.01846480188844716	0.44009839603140183	0.9387601751512242
0.013975991183956902	0.4514454726852606	0.2200869952927662
0.009881076016791435	0.4552104110799279	0.04706360870341897
0.0054980488206463835	0.4447426164149318	0.572149888705192
0.001423829860124591	0.44665282858331995	0.942700669322239
-0.0027434714109539223	0.43721864590489873	0.10289516752560868
-0.007000032702137493	0.4332587394226198	0.4054586444289857
-0.01091274149138364	0.44307253009999437	0.8364663603638525
-0.015265640890852685	0.44443940370535545	0.4386059370962918
-0.019107079851541916	0.4455464239166552	0.1495617469541517
-0.023107800310371393	0.4451091358695121	0.14191552525521434
-0.02712044518415955	0.4386745167548122	0.30085670569103684
-0.03135107329208838	0.443251635243564	0.8192791842855464
-0.035397557388922245	0.4398651431011041	0.2675362690076597
-0.0408505872917627	0.44886997656336775	0.24534679046067565
-0.04505593909854782	0.4334532163350031	0.9764211253459671
-0.04835937243076079	0.4392766205333724	0.6747860804819894
-0.051627272045941114	0.4273083820889284	0.6971492752633323
-0.056898691877008536	0.44687327212594313	0.19396612500630628
-0.06063034830100875	0.43337074855671537	0.8444296448117348
-0.06356648310119194	0.4293470608389313	0.4352457416691047
-0.06877336977312402	0.43779985831675994	0.2869815827922949
-0.07158355441193787	0.4251428247771339	0.5789506803435555
-0.07848888758246411	0.4248620087299635	0.678648373442425
-0.07916750540924243	0.43601977066491926	0.48298835341381097
-0.08484176247417621	0.4226227153692104	0.8317874576290715
-0.08842501444338619	0.42830471333189546	0.09629860972228188
-0.09110371795612958	0.42545391198653537	0.17555384528967954
-0.0962908993212406	0.42236128301521986	0.4384037104735795
-0.09987204970239091	0.43600444944520195	0.6698020792865814
-0.10376842157550259	0.4254246521160768	0.14825197185437755
-0.10818180152841393	0.4222660004758694	0.2403741711460241
-0.10991154886998979	0.42112199594331257	0.24101974949190907
-0.11371822699149933	0.41710856882715697	0.18579851855970864
-0.1186972826408099	0.414019616278733	0.7743062915300445
-0.12139233720860917	0.41027695372239725	0.8126605616862073
-0.1307495924848697	0.41619360046101983	0.01014193070032643
-0.13365297537484133	0.4178015199662203	0.9769485287987179
-0.13560565102409475	0.41031081032976824	0.9896262733547952
-0.13674843227443637	0.41384033283995053	0.9433877906644679
-0.1440507344723827	0.4034700789425938	0.823432559814905
-0.1483706916826612	0.39980824245206037	0.7871586473586801
-0.1477805753256076	0.40310924422418376	0.271285189069598
-0.15439239738771532	0.40513596274711866	0.051879344903199676
-0.15540383414549586	0.4031999176212377	0.9284481485870544
-0.1589928419549089	0.4008930408653417	0.3123626958153105
-0.16282192990189792	0.40925988045001666	0.5671856081536536
-0.17205690085719233	0.3921546924717039	0.009402667892345229
-0.16979166131319298	0.4000466246974875	0.7065547326536042
-0.17679337072840204	0.4036502380388069	0.20733889695444763
-0.18273737732379	0.38860249948663517	0.6706665413439923
-0.1828829266060725	0.3990901998259746	0.08594069758854272
-0.18935739314961145	0.3955892912408514	0.4012163261352064
-0.188681140692853	0.391044226980145	0.3262123469986373
-0.1918754149959008	0.3865956665015143	0.03335322642501082
-0.20187677412522215	0.3870730518592036	0.754246072310941
-0.20166767069854397	0.38670120366449084	0.8204186243343317
-0.20146589843533205	0.381435907028492	0.4723540799051761
-0.20380596896110179	0.38072175751872356	0.1790201316619
-0.21574344893423794	0.37451741581945663	0.9043283281053125
-0.2159005109114223	0.3640042564959696	0.33161118083318597
-0.22104207411213242	0.35976809954819516	0.6760589630421071
-0.2225694647497364	0.36104567273906235	0.703341540784769
-0.22303547792714273	0.36104347906184736	0.9799200432938904
-0.22244278240024346	0.3554806202404375	0.6944360761308869
-0.23348665507137215	0.3555854344964049	0.7139270523216045
-0.23833873218845694	0.35421362545789203	0.18958651309517505
-0.2405210940861755	0.34743114637961797	0.4527685097333276
-0.2427971501247697	0.3531948587423869	0.3657244248554057
-0.24478419751048497	0.35092753017033196	0.19919436118788247
-0.25053789309718505	0.34658485313028536	0.49294992459872333
-0.2510368286134848	0.3407801660046121	0.6470382948053758
-0.2478827468900312	0.34790034743054793	0.7187952144411844
-0.2513547306030202	0.3453308861573602	0.3548867158987382
-0.25992995630341226	0.3372066816136023	0.7295838340314462
-0.2646635167357246	0.3339843177777853	0.3348531832961502
-0.26324447381968813	0.3274291839648958	0.7822193017809725
-0.2665138364239954	0.32048656628410094	0.4414459348796945
-0.2690786997033099	0.3234778500102183	0.4299713204453758
-0.2769987329021361	0.321564931905614	0.10526897843700544
-0.2813148561462134	0.3255307285970076	0.7047921712867073
-0.2736694462908309	0.31894453472905254	0.18062557812227975
-0.28553023294583063	0.3133302850752352	0.4484141425430054
-0.2809936006682503	0.31444286850748926	0.8876458611055026
-0.2853763440736559	0.3076884028659302	0.12979826493147484
-0.2900583204317815	0.2995698350978657	0.47976574138479355
-0.2903586767631653	0.30134969819360385	0.3447391313819377
-0.2965195630478009	0.30587065236033706	0.42578476373338603
-0.2921473105549357	0.2926427236547879	0.24507286709849352
-0.3078356618519034	0.2876121232620576	0.793317573973919
-0.3065150947269593	0.2883773036284052	0.484500059460361
-0.31218840729920283	0.28902270445572403	0.12534209708430877
-0.3090464668498213	0.28075152286397537	0.5222813632834435
-0.3035224322984621	0.275531758185385	0.6705589642394988
-0.31231937980051916	0.27369381495726425	0.12822699803996995
-0.320708136983968	0.2716980088316118	0.48500436689119364
-0.3217181766247301	0.27316010156323123	0.5667219343065282
-0.3183076602497006	0.2740941484162379	0.011526894088192075
-0.32737848895307675	0.2692447910619124	0.0733559714669424
-0.3283791884374312	0.2580246718068318	0.0010692095983128036
-0.3256052587944691	0.2540387360953069	0.18485557807952469
-0.3360213300472975	0.2529336875779136	0.3244414825791583
-0.3250724430180748	0.25477350391606585	0.14732854317808863
-0.3349570126928719	0.25473911356138	0.7936755696246359
-0.34143860905779827	0.24928911138072957	0.1460052570294812
-0.33676214120411696	0.24808853449288357	0.8181267451709555
-0.34200186152880946	0.23768592210062656	0.0030592099017925367
-0.34720065202392414	0.23623968179436863	0.00718160214670216
-0.3476242477349282	0.233832178081024	0.7886552473481393
-0.350587362496662	0.23118462196817477	0.5870772277302503
-0.35129871681244346	0.22707078080216006	0.4466310710793173
-0.34761223774423755	0.2170944135238922	0.1468668204842044
-0.34465512227998374	0.21846879036935832	0.1640046073503445
-0.3539201728673926	0.21906948718913447	0.8666840641253367
-0.36333665926256553	0.20703254508300584	0.9822395449036995
-0.353797792380736	0.21275706287898802	0.614720505233491
-0.3604574803593158	0.20800493148715946	0.45157736067134824
-0.35721095151810905	0.20567135538279752	0.6475553359573708
-0.37028549658793947	0.1950604076137584	0.8476469910456534
-0.37306890533434633	0.19719742640624982	0.3131084881219537
-0.3595563012179618	0.19264874552794747	0.33865980703729304
-0.36819568126172925	0.1842170862910617	0.7767126427381231
-0.3664457071668952	0.1806484391524819	0.49565519305249994
-0.37739703800612057	0.18146180736047987	0.5706616890254947
-0.38024760828819	0.1740067654317364	0.1228983941013776
-0.37032035519583545	0.17482131868518136	0.1618644742821177
-0.38032828600020957	0.166580874856532	0.5389924266840345
-0.37800597255009855	0.1647014258956027	0.37435367466900504
-0.3756248763671256	0.16411780364745557	0.3989699785178703
-0.3761058834976944	0.1592332072414026	0.8893296742558382
-0.37749296014113753	0.1583634433516744	0.9287817876945682
-0.3794064479904849	0.15294700770457825	0.6629570526442093
-0.38571456748894656	0.14802877805452655	0.9830347330264513
-0.37906479181468705	0.14496382141038944	0.15374698869211512
-0.3888938588709575	0.13802113389549567	0.32601480350511813
-0.3949496553977611	0.13912994925557443	0.7229047000373139
-0.3870054671573584	0.13364646937626312	0.11372672860805011
-0.3909789316939696	0.12773963179574307	0.8219723235182042
-0.3940635376426396	0.12317339237516232	0.4655763559087369
-0.39343820256689416	0.12334123881922528	0.07912896021647176
-0.3833228763240448	0.11637578934234483	0.9494211577939563
-0.3954162645211845	0.11312194486326244	0.45666930459857635
-0.3978957623424712	0.11103634173426317	0.4098661619813697
-0.38624413035659916	0.10588478075373728	0.7346942283603023
-0.4003651184742467	0.10236775550891342	0.19932724106458044
-0.38664003258740826	0.099731051086749	0.82088303495379
-0.38910214583675073	0.09482378890112253	0.7433413153810171
-0.38675553192622375	0.09209282284928273	0.7223070418805976
-0.40057674540274163	0.08509946369417963	0.13076887503463563
-0.4035438876793737	0.08456330408072654	0.6991225951571185
-0.39147525307741515	0.07896033631973225	0.7342611710188693
-0.3933708869729552	0.07435803264393719	0.6419377192294835
-0.398234806044574	0.07068893974914085	0.8524441665831302
-0.4015510492309307	0.06910988578762768	0.9248353155036472
-0.3925936206111413	0.06492441808657592	0.4979830320737674
-0.40820425514058667	0.05993900955769954	0.33882006163685574
-0.4036549306897686	0.05584630268760792	0.8477887380154534
-0.4065212716663315	0.05279373870474154	0.7455373361629049
-0.4098184857522717	0.04912286424797147	0.3076477883306755
-0.40459122745881504	0.045820493634666754	0.6802072340803509
-0.40308097557152844	0.042511307812630995	0.06203098565427956
-0.39351923914516956	0.03820606908404762	0.3265836535712531
-0.40439972527381374	0.03421147534126703	0.6629299025373603
-0.3950931583425495	0.029839236338998862	0.9089486306988566
-0.395314270215171	0.027008221282117648	0.7798218194613652
-0.4076945784327872	0.022416256422012122	0.9109315604416431
-0.4100658514166545	0.019292844694572018	0.8750710476549377
-0.3910796667602076	0.014793240410810558	0.5404124578549491
-0.3948716243661257	0.011512806295744544	0.015059763611701693
-0.410150607099851	0.0076753016968594285	0.2305913259282084
-0.39279313281583783	0.0038091263616765814	0.6149999607585815
